7
BroT24.C03g04420.1	AT5G10140.1	82.323	198	32	3	1	197	1	196	1.98e-100	288
BroT24.C09g53630.1	AT5G10140.1	84.848	198	27	3	1	197	1	196	5.37e-101	289
BroT24.C09g53600.1	AT5G10140.1	84.343	198	28	3	1	197	1	196	5.98e-100	286
BroT24.C09g53620.1	AT5G10140.1	83.871	186	28	2	1	184	1	186	2.90e-91	269
BroT24.C02g54580.1	AT5G65060.1	71.429	196	52	1	1	192	1	196	4.14e-92	266
BroT24.C02g54530.1	AT5G65060.1	71.939	196	51	1	37	228	1	196	2.41e-92	269
BroT24.C03g17150.1	AT5G10140.1	65.946	185	36	4	1	179	1	164	1.54e-65	201
BroT24.C03g51980.1	AT5G65050.3	78.049	123	27	0	1	123	1	123	1.11e-65	197
6
BroT06.C03g04460.1	AT5G10140.1	82.323	198	32	3	1	197	1	196	1.98e-100	288
BroT06.C09g54360.1	AT5G10140.1	84.848	198	27	3	1	197	1	196	8.69e-101	289
BroT06.C09g54350.1	AT5G10140.1	87.805	164	20	0	1	164	1	164	8.20e-86	257
BroT06.C02g04020.1	AT5G10130.1	82.927	164	28	0	202	365	1	164	2.24e-99	291
BroT06.C03g16890.1	AT5G10140.1	65.946	185	36	4	1	179	1	164	1.54e-65	201
BroT06.C02g52870.1	AT5G65060.1	70.918	196	53	1	1	192	1	196	6.18e-91	263
BroT06.C02g52820.1	AT5G65060.1	79.433	141	29	0	1	141	1	141	1.51e-77	228
5
BroT13.C03g04740.1	AT5G10140.1	82.323	198	32	3	1	197	1	196	1.98e-100	288
BroT13.C09g55490.1	AT5G10140.1	83.756	197	29	3	1	195	1	196	3.59e-98	282
BroT13.C09g55480.1	AT5G10140.1	84.409	186	27	2	1	184	1	186	1.95e-94	273
BroT13.C09g55450.1	AT5G10140.1	84.343	198	28	3	1	197	1	196	5.98e-100	286
BroT13.C09g55470.1	AT5G10140.1	85.027	187	26	2	1	186	1	186	6.00e-93	277
BroT13.C02g03790.1	AT5G10130.1	82.927	164	28	0	202	365	1	164	2.24e-99	291
BroT13.C02g55860.1	AT5G65060.1	71.939	196	51	1	37	228	1	196	2.41e-92	269
BroT13.C03g17560.1	AT5G10140.1	65.946	185	36	4	1	179	1	164	1.54e-65	201
BroT13.C03g53240.1	AT5G65050.3	78.049	123	27	0	1	123	1	123	1.11e-65	197
4
BroT07.C03g04790.1	AT5G10140.1	82.323	198	32	3	1	197	1	196	1.98e-100	288
BroT07.C02g04130.1	AT5G10130.1	82.927	164	28	0	202	365	1	164	2.24e-99	291
BroT07.C09g55400.1	AT5G10140.1	85.027	187	26	2	1	186	1	186	4.22e-88	277
BroT07.C02g56050.1	AT5G65060.1	71.429	196	52	1	1	192	1	196	4.14e-92	266
BroT07.C09g55420.1	AT5G10130.1	80.469	128	25	0	205	332	15	142	6.49e-71	217
2
bro5G09296.1	AT5G10140.1	82.323	198	32	3	1	197	1	196	1.98e-100	288
bro9G06414.1	AT5G10140.1	84.343	198	28	3	1	197	1	196	5.98e-100	286
bro9G06417.1	AT5G10140.1	85.027	187	26	2	1	186	1	186	1.32e-93	276
bro5G07946.1	AT5G10140.1	67.526	194	49	5	1	185	1	189	3.10e-72	216
bro2G06234.1	AT5G65060.1	71.429	196	52	1	1	192	1	196	4.14e-92	266
bro2G06228.1	AT5G65060.1	71.939	196	51	1	37	228	1	196	2.41e-92	269
bro3G02263.1	AT5G65070.3	62.500	232	55	1	1	200	1	232	8.75e-90	262
bro2G00398.1	AT5G10130.1	83.537	164	27	0	203	366	1	164	2.50e-99	291
11
BroT08.C03g04480.1	AT5G10140.1	83.333	198	30	3	1	197	1	196	1.56e-101	291
BroT08.C09g55740.1	AT5G10140.1	83.756	197	29	3	1	195	1	196	3.59e-98	282
BroT08.C09g55760.1	AT5G10140.1	84.848	198	27	3	1	197	1	196	5.37e-101	289
BroT08.C09g55720.1	AT5G10140.1	84.343	198	28	3	1	197	1	196	5.98e-100	286
BroT08.C02g04460.1	AT5G10130.1	83.537	164	27	0	201	364	1	164	1.08e-99	291
BroT08.C02g55830.1	AT5G65060.1	70.918	196	53	1	1	192	1	196	6.27e-92	266
BroT08.C03g17070.1	AT5G10140.1	65.946	185	36	4	1	179	1	164	1.54e-65	201
BroT08.C02g55770.1	AT5G65060.1	70.408	196	54	1	1	192	1	196	5.13e-91	264
BroT08.C03g53320.1	AT5G65050.3	78.049	123	27	0	1	123	1	123	1.11e-65	197
10
BroT10.C03g04930.1	AT5G10140.1	83.333	198	30	3	1	197	1	196	1.56e-101	291
BroT10.C09g56270.1	AT5G10140.1	84.848	198	27	3	1	197	1	196	8.69e-101	289
BroT10.C09g56240.1	AT5G10140.1	85.354	198	26	3	1	197	1	196	2.85e-102	292
BroT10.C09g56260.1	AT5G10140.1	85.027	187	26	2	1	186	1	186	4.40e-93	278
BroT10.C02g04020.1	AT5G10130.1	83.537	164	27	0	201	364	1	164	1.08e-99	291
BroT10.C09g56280.1	AT5G10140.1	85.027	187	26	2	1	186	1	186	1.10e-91	277
BroT10.C02g54870.1	AT5G65060.1	71.939	196	51	1	37	228	1	196	2.41e-92	269
BroT10.C03g54190.1	AT5G65070.3	62.500	232	55	1	1	200	1	232	8.75e-90	262
BroT10.C03g17840.1	AT5G10140.1	64.000	175	46	4	1	169	1	164	2.07e-58	182
8
BroT19.C03g04560.1	AT5G10140.1	83.333	198	30	3	1	197	1	196	1.56e-101	291
BroT19.C09g54900.1	AT5G10140.1	82.500	200	29	4	1	199	1	195	3.36e-95	280
BroT19.C03g17640.1	AT5G10140.1	66.486	185	35	4	1	179	1	164	2.60e-66	202
BroT19.C02g55040.1	AT5G65060.1	71.939	196	51	1	37	228	1	196	2.41e-92	269
3
BroT02.C03g04620.1	AT5G10140.1	83.333	198	30	3	1	197	1	196	1.56e-101	291
BroT02.C09g56170.1	AT5G10140.1	85.027	187	26	2	1	186	1	186	1.94e-94	276
BroT02.C09g56120.1	AT5G10140.1	85.027	187	26	2	1	186	1	186	6.38e-93	276
BroT02.C02g03840.1	AT5G10130.1	83.537	164	27	0	201	364	1	164	6.45e-100	292
BroT02.C09g56180.1	AT5G10140.1	85.027	187	26	2	98	283	1	186	1.48e-91	276
BroT02.C02g54770.1	AT5G65060.1	71.939	196	51	1	1	192	1	196	3.40e-93	269
BroT02.C03g17160.1	AT5G10140.1	65.946	185	36	4	1	179	1	164	1.54e-65	201
BroT02.C03g53540.1	AT5G65050.3	78.049	123	27	0	1	123	1	123	1.11e-65	197
1
rna-XM_013773027.1	AT5G10140.1	83.333	198	30	3	1	197	1	196	1.56e-101	291
rna-XM_013756817.1	AT5G10140.1	84.848	198	27	3	1	197	1	196	8.69e-101	289
rna-XM_013756814.1	AT5G10140.1	83.938	193	28	3	1	192	1	191	7.94e-95	279
rna-XM_013764730.1	AT5G65060.1	71.429	196	52	1	37	228	1	196	1.41e-91	267
15
BroT22.C03g04930.1	AT5G10140.1	82.828	198	31	3	1	197	1	196	1.26e-100	288
BroT22.C09g53770.1	AT5G10140.1	84.848	198	27	3	1	197	1	196	5.37e-101	289
BroT22.C09g53740.1	AT5G10140.1	84.343	198	28	3	1	197	1	196	5.98e-100	286
BroT22.C09g53760.1	AT5G10140.1	83.871	186	28	2	1	184	1	186	1.69e-91	269
BroT22.C02g53900.1	AT5G65060.1	77.108	166	38	0	1	166	1	166	1.20e-87	255
13
BroT21.C03g04510.1	AT5G10140.1	82.828	198	31	3	1	197	1	196	1.26e-100	288
BroT21.C09g54460.1	AT5G10140.1	84.848	198	27	3	1	197	1	196	5.37e-101	289
BroT21.C09g54450.1	AT5G10140.1	83.871	186	28	2	1	184	1	186	1.69e-91	269
BroT21.C07g45480.1	AT5G10140.1	80.978	184	32	3	141	322	4	186	6.23e-84	254
BroT21.C02g03840.1	AT5G10130.1	83.537	164	27	0	197	360	1	164	1.54e-99	291
BroT21.C02g53450.1	AT5G65060.1	71.939	196	51	1	1	192	1	196	4.14e-92	266
BroT21.C03g17070.1	AT5G10140.1	65.946	185	36	4	1	179	1	164	1.54e-65	201
BroT21.C02g53400.1	AT5G65060.1	70.408	196	54	1	1	192	1	196	5.13e-91	264
BroT21.C09g54420.1	AT5G10140.1	76.923	143	27	4	2	143	59	196	5.05e-55	171
12
BroT17.C03g04650.1	AT5G10140.1	82.828	198	31	3	1	197	1	196	1.26e-100	288
BroT17.C09g58400.1	AT5G10140.1	76.263	198	30	4	1	183	1	196	6.46e-92	266
BroT17.C09g58390.1	AT5G10140.1	83.871	186	28	2	136	319	1	186	1.06e-89	270
BroT17.C02g04030.1	AT5G10130.1	82.927	164	28	0	202	365	1	164	2.24e-99	291
BroT17.C09g58380.1	AT5G10140.1	80.303	198	29	4	1	197	1	189	8.54e-87	262
BroT17.C03g17380.1	AT5G10140.1	65.946	185	36	4	1	179	1	164	1.54e-65	201
9
BroT12.C03g04620.1	AT5G10140.1	82.828	198	31	3	1	197	1	196	1.26e-100	288
BroT12.C09g56470.1	AT5G10140.1	83.756	197	29	3	1	195	1	196	3.59e-98	282
BroT12.C09g56490.1	AT5G10140.1	84.848	198	27	3	1	197	1	196	5.37e-101	289
BroT12.C09g56450.1	AT5G10140.1	84.343	198	28	3	1	197	1	196	5.98e-100	286
BroT12.C02g03680.1	AT5G10130.1	83.537	164	27	0	201	364	1	164	1.08e-99	291
BroT12.C03g54790.1	AT5G65070.3	62.500	232	55	1	1	200	1	232	8.75e-90	262
BroT12.C03g17530.1	AT5G10140.1	65.946	185	36	4	1	179	1	164	1.54e-65	201
14
BolO_9g65590.1	AT5G10140.1	83.756	197	29	3	1	195	1	196	3.59e-98	282
BolO_9g65600.1	AT5G10140.1	84.343	198	28	3	1	197	1	196	2.43e-100	288
BolO_9g65570.2	AT5G10140.1	83.333	192	29	3	1	191	1	190	5.11e-94	274
BolO_7g56360.1	AT5G10140.1	75.497	151	33	4	6	154	48	196	7.06e-57	176
BolO_3g04880.1	AT5G10140.1	79.412	136	25	3	3	137	63	196	1.18e-55	172
